100.000000
99.775355
99.815860
99.818862
99.782600
99.905506
99.870130
99.783281
99.923035
99.776667
100.013230
99.907570
100.101841
99.996970
100.192798
100.071136
100.252267
100.417257
100.346841
100.445018
100.234405
100.068732
100.006491
99.794536
100.178143
100.367209
100.242416
100.388716
100.231312
100.150704
100.232482
100.093869
100.464765
100.302346
100.206624
100.037097
100.065689
100.199367
100.143588
100.062781
99.899914
100.054514
99.997140
99.883105
99.729808
100.202475
100.123316
99.910228
99.728340
99.710065
99.917038
99.687086
99.954878
99.951593
99.838681
99.850658
100.270405
100.469481
100.686202
100.988688
101.029836
101.307390
101.570361
101.455932
101.372709
101.356512
101.142401
100.817959
100.917610
100.925882
101.099102
100.867794
100.648648
100.474418
100.592410
100.786573
100.987871
101.197543
101.241323
101.323506
101.321675
101.137189
101.314991
101.556780
101.518487
101.612496
101.258634
100.987072
100.873472
100.904813
100.921270
101.059951
101.138947
101.326425
101.251876
101.237708
101.288079
101.204564
101.114350
100.779704
100.759977
100.682062
100.691479
100.494608
100.481845
100.407418
100.566620
100.984296
100.849190
100.712478
100.802915
100.874606
100.864285
101.189802
101.398986
101.492779
101.666693
101.299475
101.295713
101.570627
101.822190
101.800343
101.789631
101.642667
101.487219
101.325871
101.372531
101.255350
101.135024
101.341742
101.355007
101.284856
101.448136
101.472777
101.353053
101.002519
100.879825
101.106358
101.392539
101.420489
101.230316
101.209871
100.960342
101.289615
101.242872
101.124027
100.830329
101.011174
101.000675
100.562840
100.629472
100.636737
100.452106
100.253221
100.291135
100.151194
99.921888
99.810932
99.865071
99.811361
99.942100
100.079649
99.907762
100.067006
100.197582
100.661882
100.659780
100.563725
100.546989
100.540127
100.136097
100.256719
100.258513
100.618565
100.316476
100.212746
99.964431
99.951263
99.775512
99.755436
100.445019
100.316741
100.259915
100.257466
100.195403
100.257150
100.324207
100.199218
100.266511
100.301905
100.327864
100.345749
100.570086
100.470926
100.324706
100.371295
100.299780
100.535288
100.485766
100.794862
100.810447
100.854625
100.505076
100.503226
100.373182
100.060582
100.287534
100.441902
100.591981
100.563872
100.877323
100.784643
100.797184
100.698198
100.999709
100.948379
101.182286
101.105628
100.987974
101.020391
100.989920
101.165106
101.070488
100.830983
100.760859
100.846506
100.936559
101.307849
101.336742
101.635265
101.564969
101.594461
101.497957
101.530969
101.346958
101.507949
101.273595
101.243708
101.117141
101.320845
101.338753
101.500632
101.293619
101.457506
101.585057
101.681561
101.816928
101.896428
102.072388
102.008172
102.086320
102.378319
102.429781
102.555603
102.394776
102.382612
102.246735
102.162134
102.216691
102.732404
103.081287
103.228886
103.087297
102.891478
102.941400
102.691884
102.520427
102.495225
102.620702
102.487208
102.416362
102.335859
102.228937
102.533956
102.638335
102.620475
102.429730
102.416205
102.031157
101.851311
101.876184
102.044587
101.799367
101.852964
101.637514
101.916513
101.617817
101.465475
101.625712
101.436811
101.309423
101.501308
101.448141
101.204723
101.597962
101.650417
101.674401
101.556781
101.422430
101.466524
101.450672
101.115397
101.024386
101.216444
101.309201
101.458514
101.417960
100.931562
100.950258
100.861158
101.029483
101.228826
101.164379
101.108075
101.004597
101.120137
101.134166
101.025955
101.488164
101.587772
101.555878
101.602227
101.625662
101.683874
101.579586
101.507464
101.732993
101.394828
101.238032
101.321103
101.487958
101.457934
101.726848
101.677062
101.712609
101.888915
101.579145
101.664018
101.404738
101.280196
101.304344
101.390319
101.154964
101.180984
101.084521
101.033569
101.241667
101.168007
101.119876
101.340086
101.192256
101.319373
100.911839
101.044122
100.998587
100.995428
100.999872
101.253840
101.042939
100.861923
101.083193
100.940542
101.042896
101.331768
101.301263
101.389857
101.541025
102.079011
102.309576
102.267293
102.042145
102.167822
101.976112
101.830018
101.494951
101.624407
101.430727
101.491077
101.468971
101.112642
100.948073
100.905027
100.578641
100.456335
100.229315
100.138543
100.466246
100.453904
100.366705
100.187837
100.224866
100.072321
100.191311
99.999430
99.903332
100.030059
100.145389
99.912487
99.648506
99.782829
100.028477
100.085814
100.104997
100.140906
100.501107
100.371210
100.419774
100.363077
100.310876
100.439079
100.291212
100.039903
99.575846
99.836887
99.957212
99.801202
99.630851
99.598030
99.878016
99.981671
100.024197
100.214851
100.213172
100.456446
100.360826
100.227153
100.316103
100.303840
100.401199
100.530352
100.637633
100.487594
100.470404
100.238641
100.301491
100.156164
100.591608
100.834460
100.903192
100.993086
101.223442
101.316872
101.126371
100.900992
100.772424
100.764350
100.817066
100.973592
101.324962
101.108948
100.928358
100.957887
101.064830
100.827215
101.197648
100.989251
100.745461
100.883471
101.004776
101.281809
101.260256
101.348281
101.355944
101.094865
100.999682
101.346973
101.210691
101.268225
101.413566
101.216823
101.334818
101.149435
101.503586
101.493035
101.402236
101.510945
101.378772
101.408409
101.684434
101.410411
101.564920
101.510997
101.377514
101.756329
101.683082
101.525601
101.535869
101.703309
101.678901
101.703522
101.509826
101.477000
101.439557
101.276196
101.220407
101.246430
101.344648
101.408771
101.183013
101.138551
100.990594
101.219764
101.358010
101.488113
101.473482
101.605937
101.566438
101.627035
101.674450
101.864547
101.577398
101.509480
101.732716
101.584001
101.211024
101.232304
101.432468
101.535898
101.528420
101.503307
101.559916
101.844113
101.764263
102.130167
102.197206
102.286553
102.535534
102.502789
102.707711
102.558783
102.487222
102.521111
102.630806
102.212252
102.060979
102.281130
102.184226
102.042252
101.721468
102.515603
102.789715
102.641791
102.433222
102.277159
102.108679
101.705479
101.771683
101.875112
102.002571
102.075981
102.149117
102.053310
102.081436
102.133035
101.985347
101.852998
101.736960
101.811669
101.541770
101.428973
101.241971
101.009272
100.987029
100.860182
100.722293
100.849462
101.010355
100.800470
100.748601
100.801610
100.809441
100.483292
100.333924
100.320975
99.925105
99.815192
100.017120
99.993468
100.002070
100.295847
100.117707
100.257423
100.040507
99.572692
99.557253
99.615640
99.801806
99.588707
99.601790
99.811937
99.497405
99.663647
99.806165
99.961672
100.247002
100.247734
100.047816
99.912005
99.993047
100.021172
99.884667
99.933056
99.935380
100.165847
100.278406
100.205454
100.198752
100.036602
100.029819
100.026399
100.142823
100.092072
100.347623
100.171437
100.316149
100.306699
100.435773
100.498763
100.415203
100.304520
100.243645
100.237391
100.090567
99.971518
100.163240
99.751102
99.886913
99.905587
99.741333
99.604381
99.786634
99.706635
99.895539
99.803868
99.673984
99.820278
99.602187
99.743022
99.949993
99.947191
99.880922
100.093555
99.997451
100.115118
100.002288
100.015128
99.850539
99.962734
99.985439
99.889138
99.930919
100.288569
100.161737
99.800904
99.759625
99.722992
99.858570
99.990653
100.008840
100.023394
100.051488
100.025361
100.233845
100.211058
100.149185
100.080743
99.845327
99.825576
99.825235
100.013257
100.039280
100.385881
100.760966
100.784421
100.524721
100.601470
100.327166
100.174820
100.393319
100.458164
100.365425
100.402183
100.399503
100.491373
100.652501
100.434847
100.325890
100.495112
100.563524
100.387510
100.248266
100.317116
100.420270
101.047553
101.018774
101.023928
101.176977
101.060225
100.991585
101.002288
101.071540
101.228428
101.155909
101.147333
101.267912
101.365865
101.200247
101.270763
101.435961
101.285666
101.120681
101.077304
101.310569
101.108706
100.696747
100.523513
100.603088
100.685010
100.663238
100.306803
100.340804
100.034917
99.939995
99.680972
99.838130
99.790888
99.712546
99.464154
99.502005
99.655409
99.627318
99.629648
99.751222
99.524525
99.439584
99.336506
99.455490
99.430460
99.457413
99.652507
99.788396
99.754728
99.833050
100.123804
100.472710
100.490752
100.491242
100.334569
100.045429
100.434648
100.544399
100.232184
100.144105
100.313786
100.320695
100.226441
100.449099
100.353543
100.594090
100.591750
100.819268
101.102071
100.949244
100.835528
100.669631
100.763158
100.413089
100.678334
100.663015
100.789538
100.681402
100.567518
100.448963
100.699933
100.506678
100.147379
100.480566
100.401799
99.965701
99.943556
99.808920
99.626938
99.671648
99.797314
99.858655
99.919216
99.597056
99.507633
99.616006
99.477293
99.610902
99.504540
99.462538
99.446664
99.133538
98.753792
99.049732
99.145620
99.139776
99.014724
98.875513
98.832397
98.806142
98.598380
98.520978
98.771004
98.772152
98.748614
98.876813
98.746387
98.717905
98.687755
98.564983
98.751147
98.765735
98.728417
98.498695
98.404430
97.950281
97.791730
97.841025
98.027150
97.800991
97.688651
97.574596
97.504847
97.541404
97.656294
97.805154
97.828997
97.708339
97.465115
97.485836
97.412457
97.308527
97.317657
97.265266
97.378630
97.160744
96.884101
96.470368
96.338353
96.339128
96.530134
96.775513
96.908141
96.668267
96.582601
96.693653
96.585778
96.569717
96.615306
96.826078
96.897580
96.939620
96.793145
97.208022
97.295387
97.142298
97.598416
97.557157
97.643067
97.499959
97.607328
97.534600
97.508376
97.582664
97.482679
97.768544
97.790145
97.668225
97.540696
97.611941
97.790861
97.589810
97.626759
97.717353
97.661230
97.820332
97.986410
97.773567
97.868683
97.670601
97.905638
97.954747
97.808002
97.735748
97.768640
97.934630
97.988476
97.849577
97.974594
98.048453
98.149819
98.242286
98.228766
98.205733
97.944888
98.088755
98.169907
98.237938
98.292540
98.409320
98.344760
98.080909
98.235263
98.131727
98.258464
98.106365
97.949053
98.058501
98.292260
98.257476
98.127747
97.956210
98.306692
98.395111
98.117490
98.183753
98.084350
98.172346
98.256207
98.101942
98.124625
98.146747
98.044571
97.842111
97.913244
98.057493
97.912740
97.660379
97.906849
97.638910
97.720138
97.684260
97.748552
97.986006
97.878698
97.861730
97.909790
98.106338
98.208530
98.200878
98.108612
98.178471
98.224873
98.231081
98.009990
97.646092
97.503114
97.389820
97.526180
97.789662
97.889924
98.092071
98.267395
98.287816
98.346950
98.487745
98.299773
98.127366
97.978672
98.103615
97.991876
98.004459
97.956118
97.967455
98.220553
98.110751
98.174771
98.060462
98.314604
98.338254
98.118488
98.181551
98.214977
98.217840
98.496765
98.514181
98.501626
98.432758
98.356680
98.535747
98.298955
98.383291
98.410350
98.171489
98.182517
97.960665
97.896412
97.779047
97.698497
97.049825
96.803868
97.080550
97.041530
97.111833
97.162558
97.437414
97.430024
97.576478
97.382719
97.495291
97.397138
97.256395
97.503350
97.626792
97.597000
97.862611
97.968367
97.789961
97.750869
97.743658
97.916016
97.932303
97.936317
97.925616
97.786911
97.962479
98.056626
97.942376
97.781168
98.013021
97.938271
97.860607
98.151957
98.151318
98.103095
98.005739
97.869858
97.805883
97.578563
97.768729
98.072568
98.084793
98.098554
98.411052
98.213197
98.126696
98.064668
98.255596
98.361977
98.536255
98.675470
98.543489
98.538405
98.309281
98.365114
98.212093
98.302186
98.193542
98.008811
98.159898
98.033923
98.198444
98.315285
98.026292
98.060593
97.993613
97.852365
97.788785
97.461707
97.108096
96.856490
96.765187
96.692336
96.779982
96.764633
96.785443
96.798162
96.502876
96.728573
96.835435
96.685312
96.851652
96.733319
96.601552
96.372244
96.136631
96.194884
96.107917
96.148906
96.287137
95.854874
96.056996
96.140458
96.302790
96.245045
96.214235
96.041791
95.930448
95.837718
95.610332
95.594891
95.423203
95.564714
95.610372
96.072872
96.336634
96.555580
96.645792
96.509208
96.374200
96.463783
96.407115
96.465540
96.461046
96.306330
96.114274
96.308678
96.305994
96.436963
96.537586
96.605912
96.677311
96.855991
96.760458
96.894743
96.806105
96.748069
96.851504
96.666779
96.684950
96.547549
96.366888
96.287312
96.601785
96.763238
96.641863
96.351809
96.341220
96.035433
96.171475
96.228740
96.355706
96.430210
96.493072
96.441548
96.814869
96.611073
96.442451
96.352213
96.467914
96.408174
96.383248
96.508677
96.664561
96.748567
97.083042
96.992531
97.324137
97.221712
97.302421
97.117666
97.204955
97.355976
97.181717
97.013257
96.812055
96.925767
97.165953
97.164686
97.379741
97.265871
97.226961
97.390510
97.272874
97.364283
97.485775
97.780481
97.677210
97.356548
97.348840
97.237977
97.394250
97.408367
97.442753
97.547485
97.550267
97.554246
97.469551
97.538375
97.395744
97.442795
97.428400
97.817200
97.853047
97.601918
97.535518
97.583084
97.363761
97.345049
97.676321
97.595499
97.258185
97.124149
97.607840
97.485002
97.595577
97.414921
97.503541
97.727196
97.870575
97.998098
97.908779
97.797265
97.632926
97.292744
97.336187
97.452942
97.350454
97.120391
97.083853
96.951906
97.113738
96.896900
96.938055
96.964863
96.739110
96.525125
96.491022
96.604138
96.738082
96.848879
97.040549
96.966720
97.201938
97.405846
97.268614
96.955225
96.881861
97.152646
96.987732
97.062727
96.911055
97.175166
97.238166
96.968196
96.912515
97.099624
97.183353
97.301332
97.652229
97.595076
97.485870
97.471287
97.421684
97.041355
96.977851
97.130662
97.239135
97.418818
97.513390
97.631350
97.557475
97.968086
98.207212
98.182207
97.937647
98.086987
98.385518
98.706466
98.724473
98.533722
98.173022
98.142316
98.258543
97.844268
97.836040
98.034565
97.837009
97.630726
97.725220
97.633719
97.840201
98.137990
98.269195
98.613071
98.641090
98.577665
98.413991
98.571724
98.742011
98.645958
98.692878
98.849368
98.807701
99.100866
98.952380
98.681925
98.927782
98.842873
98.859029
98.883001
98.715747
98.836133
99.004322
98.999936
98.784862
98.929905
99.074310
99.193386
99.331727
99.236171
99.336033
99.410436
99.381144
99.626808
99.499291
99.496929
99.448466
99.345196
99.395712
99.527805
99.524967
99.534047
99.680887
99.666605
100.007890
99.921274
100.239807
100.151869
100.107632
100.161621
100.236253
100.262919
100.117583
99.992177
100.096342
100.240975
100.365303
100.184642
100.294053
100.244897
100.269160
100.443776
100.181080
100.149885
100.158697
100.395056
100.178778
100.310018
99.935041
99.747957
99.368314
99.494590
99.727870
99.866690
99.658843
99.996946
100.041781
100.107105
100.199046
99.903639
100.255048
100.298438
100.149371
100.461254
100.716867
100.684522
100.665755
100.151116
100.540629
100.662667
100.542366
100.734157
100.635460
100.631732
100.569863
100.247765
100.484915
100.386485
100.745730
100.496195
100.558062
100.721292
100.466063
100.576927
100.578605
100.657364
100.745647
100.889088
100.988933
100.991522
101.035010
101.377924
100.962799
100.846695
100.489135
100.160590
99.832793
99.625216
99.540230
99.554891
99.679946
99.937096
99.793979
99.659997
99.832749
99.597797
99.762246
99.700226
99.845968
99.631013
99.828886
99.750772
99.876002
99.409675
99.600799
99.363881
99.443833
99.408717
99.225794
99.299117
99.545936
99.379488
99.373434
99.306916
99.203867
99.323828
99.330468
99.432504
99.509279
99.343887
99.264968
99.341734
99.484214
99.576687
99.583218
99.749945
99.720243
99.946256
100.016194
100.031665
100.211600
100.022306
99.730548
99.912433
100.035618
100.021515
100.002491
99.830813
99.669300
99.873045
99.995149
100.128972
99.999273
100.056250
99.929082
100.163803
99.987684
100.152567
100.369750
100.767945
100.786888
100.630404
100.887217
100.835090
100.943688
100.896546
101.044632
101.001742
101.033033
101.130706
101.055133
101.252313
101.430678
101.414796
101.169760
101.193910
100.937552
100.928288
100.861751
100.938654
100.931372
100.820600
100.706883
100.690494
100.527416
100.721644
100.741498
100.882608
100.777505
100.633617
100.319332
100.752337
100.989034
100.757250
100.588978
100.797666
100.618671
100.517911
100.640645
100.704237
100.521742
99.984800
99.959216
100.089138
100.163076
99.708139
99.768518
99.653537
99.705879
99.647678
99.217232
99.081733
98.912060
98.967377
99.013581
99.069618
98.982507
99.105030
99.249361
99.187875
99.299720
99.254477
98.864288
99.027637
99.155110
99.164720
99.303412
99.091594
99.305479
98.779072
98.750617
98.970388
98.788958
98.848841
98.557616
98.482087
98.560688
98.831999
98.935846
98.963722
98.911716
98.768248
98.695955
98.557038
98.709779
98.810480
98.718979
98.625866
98.589980
98.777747
98.687743
98.802495
98.787390
99.000924
98.636131
98.577881
98.598052
98.680673
98.767299
98.976050
98.903686
99.035604
98.824473
98.813290
98.849042
98.874307
98.982784
99.008293
99.206629
99.199274
99.047713
98.964481
99.066820
98.946845
98.930471
99.115100
99.114484
98.993041
98.904179
98.922386
98.895100
99.475683
99.188801
99.402131
99.606470
99.922317
99.923274
100.035787
100.154526
100.415364
100.293639
100.231823
99.927756
99.960425
99.905932
99.770476
99.924263
99.701612
99.690189
99.538018
99.729367
99.911973
99.613978
99.825650
100.119086
100.210354
100.084000
100.125965
99.966946
99.692143
99.988369
100.007315
100.163176
100.332950
100.233032
100.151476
100.376007
100.335235
100.064405
100.213105
100.634180
100.591010
100.736517
100.941666
100.918781
100.747172
100.891586
100.908633
100.562219
100.580638
100.727376
100.739106
100.743392
100.363429
100.493529
100.378781
99.892016
100.303607
100.264836
100.370801
100.143895
100.337611
100.660120
100.386468
100.671485
100.708036
100.930680
100.936748
100.935632
100.997916
101.224676
101.211264
101.241574
101.523632
101.664109
101.730950
101.852650
101.846647
101.873986
101.908968
102.105540
101.868485
101.955398
102.001744
102.056156
101.982778
101.813964
101.489412
101.499561
101.595300
101.445698
101.163186
101.295482
101.288172
100.972558
100.722721
101.153413
101.150972
100.900960
100.804169
101.058317
101.113267
101.238316
101.318463
101.326463
100.946462
101.034709
100.867873
100.730836
100.694033
100.513891
100.712541
100.398629
100.514548
100.770454
100.606440
100.676167
100.861496
100.713536
100.781707
100.971437
100.929982
101.188669
101.168700
101.224744
101.473166
101.197035
101.313640
101.311855
101.101937
101.163238
101.173864
101.388723
101.356635
101.052117
101.052458
100.848473
101.095022
101.090928
101.112598
100.964868
100.915038
101.191551
101.151078
101.719346
101.685426
101.700305
101.738892
101.714169
101.689930
101.624343
101.569574
101.610216
101.448318
101.399447
101.249872
100.874910
100.685356
100.739835
101.064154
101.408713
101.376473
101.478394
101.433135
101.484096
101.910830
101.807854
101.937436
102.147837
101.868612
101.574508
101.598942
101.921483
101.989116
101.991476
102.201846
102.078672
102.092170
101.843456
102.021271
102.119939
102.127986
102.106738
102.182426
101.991694
102.220435
102.589497
102.617172
102.525746
102.677149
102.571230
102.841658
103.022521
102.955121
102.904583
103.109008
103.086285
103.044340
102.947856
102.689564
102.701233
102.687256
102.723414
103.009894
102.782293
102.535439
102.743075
102.578699
102.430494
102.248425
102.292055
102.239021
102.216919
102.217629
102.193195
102.033100
102.235790
102.122811
102.099467
102.250133
102.394236
102.817735
102.954035
103.140158
103.246723
102.976129
102.940179
102.715687
102.705486
102.589223
102.835421
102.674826
102.722444
102.515192
102.362585
102.310109
102.368475
102.232596
102.310668
102.041886
102.079612
102.283146
102.166316
102.163890
102.161761
102.263474
102.396022
102.083557
102.320573
102.584443
102.665787
102.557552
102.540965
102.682812
102.665000
102.538629
102.633843
102.098272
102.287810
102.479640
102.324955
102.158347
102.138236
101.974096
102.333461
102.206323
102.248335
102.504127
102.700687
102.440674
102.526295
102.556569
102.117314
101.927900
102.190783
102.049666
102.251378
102.381988
102.597458
102.957360
102.793158
102.954707
103.091452
103.329929
103.115917
103.054622
102.910826
103.355537
103.141123
103.399930
103.334454
103.217823
103.340870
103.272983
103.476495
103.789712
104.137909
104.384558
104.205944
104.196735
104.573352
104.439472
104.631354
104.805186
105.035295
105.323693
105.263942
105.096885
104.706850
104.596985
104.629687
104.649833
104.651328
104.707290
104.730437
104.641562
104.535971
104.542318
104.676284
105.081708
105.048365
104.811982
104.843992
105.166746
104.809000
104.562576
104.478616
104.655036
104.650970
104.497132
104.536041
104.601851
104.745416
104.776311
104.858332
104.982473
104.967252
104.649461
104.584717
104.550122
104.342925
104.120673
103.980597
103.798460
103.618641
103.727524
103.840721
103.671643
103.932236
103.541527
103.505871
103.418782
103.637943
103.542359
103.832075
103.702799
103.675587
103.827645
104.046379
103.921137
103.952694
104.099976
104.359944
104.345305
104.338252
104.192243
104.033395
104.275668
103.956672
104.089107
103.837450
103.744514
103.792772
103.722853
103.835152
103.954866
104.204584
104.592205
104.351520
104.258691
104.535249
104.498496
104.401019
104.590976
104.750175
104.664141
104.586687
104.332412
104.474964
104.373235
104.170517
104.210022
103.863579
104.074755
104.151307
104.663077
104.595980
104.722863
104.509532
104.490381
104.534371
104.488528
104.115945
103.940230
103.614389
103.263856
103.160685
103.078232
103.264444
103.458624
103.314923
103.407994
103.175662
103.330205
103.141083
103.320298
103.085455
102.984491
103.100183
103.274152
103.223258
103.062106
103.144780
103.603636
103.466045
103.397523
103.373698
103.479226
103.558837
103.658463
103.589341
103.781735
104.078978
103.849095
104.054905
104.005622
104.009769
103.810747
103.688334
103.614974
103.500455
103.605042
104.089644
104.094280
104.089351
104.301585
104.258604
104.197642
104.029889
103.927034
103.830717
103.959904
104.131313
104.352833
104.465680
104.446306
104.137722
104.206509
104.112609
104.048156
103.710333
103.968815
104.374239
104.514913
104.485472
104.389111
104.395433
104.289727
103.981282
104.147771
104.365367
104.159593
104.289364
104.004396
103.921543
103.773235
103.906538
103.817918
103.885873
103.963710
103.768495
103.590895
103.707779
103.538187
103.602836
103.520050
103.129855
103.386610
103.171018
103.469066
103.688096
103.998283
103.685932
103.832730
104.064952
103.963179
103.751769
103.600719
103.374996
103.654258
103.721927
103.833969
103.636157
103.641941
103.707821
103.762324
103.808500
103.946872
103.702801
103.765562
103.843449
103.840712
103.770908
103.834300
103.639721
103.612792
103.811617
103.890284
104.041558
104.172222
104.315564
103.895267
104.034689
104.041795
104.393468
104.342622
104.233538
104.193309
103.966128
104.403631
104.192720
104.251808
104.443315
104.782663
104.681352
104.797269
104.629143
104.592772
104.538934
104.838703
104.845496
104.787060
104.575909
104.643428
104.746782
104.758891
104.739015
104.791652
105.122208
104.677372
104.535456
104.440826
104.361187
104.127830
104.325076
104.491791
104.213868
104.074662
103.688010
103.522898
103.508219
103.564582
103.434749
103.759622
103.670314
103.797324
103.840243
103.783683
103.902340
103.647025
103.716078
103.662399
103.607322
103.610373
103.660559
103.739567
103.969116
103.959308
104.121038
103.741705
104.069967
104.284522
104.761056
104.478012
104.571444
104.772424
105.111530
105.186095
105.290514
105.365358
105.481942
105.436441
105.293619
105.291473
105.373887
105.452029
105.369485
105.218170
105.104576
105.256415
105.230715
105.297112
105.149249
105.084462
104.722502
104.274823
104.207825
104.193673
104.419522
104.539553
104.386705
104.476886
104.961261
104.794227
104.487969
104.254120
104.147161
104.208017
104.240731
104.010637
104.286710
104.414257
104.780810
105.025345
105.231275
105.253193
105.133386
105.003691
105.251843
105.084586
105.067608
105.328716
105.255008
105.350645
105.311283
105.606467
105.894825
105.991152
106.104222
106.425016
106.575109
106.412159
106.685796
106.659686
107.046420
107.315701
107.336243
107.235499
107.161225
106.945891
106.848639
106.579184
106.559424
106.689251
106.869889
106.814045
106.903140
106.790668
106.723118
106.496239
106.268496
106.393191
106.091654
106.131692
105.785799
105.690051
105.626140
105.475532
105.635705
105.697131
105.621230
105.485790
105.792223
105.843201
105.338115
105.240793
105.441675
105.594947
105.662117
105.474171
105.814165
106.203411
105.895521
106.004398
105.851785
105.485858
105.069395
105.182565
105.184838
105.478926
105.016670
105.182792
105.023736
105.208665
105.090092
105.129488
105.077310
105.440136
104.930779
104.933335
104.988359
105.288909
105.569022
105.658661
105.473238
105.628428
105.664073
105.878551
105.612023
105.473538
105.286722
105.359750
105.412150
105.627842
105.396526
105.595093
105.652876
105.384427
105.319675
105.217060
105.155998
104.803135
104.275070
104.117470
104.411119
104.828303
104.894467
104.897691
104.849970
105.036271
104.982107
104.783680
104.717632
104.850406
104.744555
104.683402
104.502089
104.270717
104.124550
104.238209
104.544583
104.572943
104.713810
104.380641
104.427437
104.032780
104.121872
103.962031
103.829936
103.787914
103.632776
103.617312
103.806308
103.849347
104.121066
104.220249
104.134718
104.125566
103.872479
103.902166
103.725730
103.863492
103.544605
103.805245
103.611446
103.341457
103.335240
103.374546
103.380718
103.643396
103.605921
103.828207
103.876971
103.779768
103.852349
104.034926
104.304564
104.496646
104.299398
104.239355
104.140671
104.047555
103.977772
103.900139
103.774138
103.639966
103.790701
103.519628
103.551467
103.659355
103.285162
103.794818
104.100605
104.037117
104.030842
103.927716
104.027568
104.072974
104.117113
104.184008
103.877460
103.657732
103.916799
104.028826
103.870972
103.819714
103.607669
103.486445
103.390227
103.116109
103.281266
102.959823
102.985609
103.060814
103.314633
103.376654
103.342951
103.589503
103.576903
103.756318
103.539783
103.306161
103.213018
103.242400
103.192164
102.964333
102.857711
102.951508
102.993108
102.980384
102.592752
102.561557
102.630706
102.600749
102.716895
102.642112
103.025340
102.701575
102.913294
102.868275
102.978018
102.766769
102.967717
103.119050
103.018778
103.272913
103.313751
103.272655
103.391466
103.287272
103.391239
103.325467
103.496781
103.717292
103.669843
103.810948
103.343517
103.388739
103.484575
103.413460
103.143401
102.942718
102.790297
102.903388
103.027055
102.840142
102.917919
103.139793
102.660520
102.753733
103.180121
103.273619
102.989795
103.033771
102.989947
103.148678
103.324146
103.323308
103.458952
103.535629
103.597588
103.626237
103.456084
103.855349
103.495263
103.433887
103.253837
103.294359
103.215853
103.406289
103.300353
103.541354
103.558759
103.363476
103.140618
102.915152
102.770272
102.787720
102.453496
102.488323
102.475589
102.218524
102.234927
102.141386
102.165036
101.884383
101.747076
101.593937
101.529788
101.502930
101.259702
101.201630
101.115513
101.157886
101.079997
101.121090
101.056044
101.152730
101.227602
101.456692
101.662110
101.510295
101.515165
101.690668
101.490659
101.619419
101.757634
101.586040
101.382737
101.208104
101.461113
101.514708
101.655527
101.694626
101.700885
101.612984
101.427593
101.196638
101.149127
101.294560
101.321998
101.482855
101.350597
101.424559
101.318577
101.151716
101.020639
101.052925
100.993100
100.688342
100.715636
100.197086
100.474992
100.515444
100.400914
100.447696
100.539932
100.963089
101.001229
101.018685
101.261161
101.222206
101.241378
101.448941
101.255236
101.242666
100.905126
100.658209
100.904660
100.934715
100.744193
100.536128
100.545524
100.488257
100.433220
100.437196
100.526087
100.803300
100.779733
100.530471
100.523857
100.313227
100.315053
100.497675
100.879737
101.222486
101.056018
101.461722
101.590602
101.439856
101.346227
101.416727
101.685533
102.010165
101.653574
101.556325
101.258475
101.487861
101.602625
101.402121
101.238007
101.550537
101.578462
101.618206
101.354462
101.584410
101.290739
101.336858
101.387947
101.239415
101.369099
101.228003
101.279982
101.022080
100.957649
100.608516
100.705423
100.917124
100.733666
100.914743
101.213021
101.054151
101.093225
101.212746
101.326551
101.481954
101.594435
101.348253
101.457062
101.511196
101.611042
101.259509
101.217387
101.210186
101.117270
101.328977
101.229478
101.367364
101.465698
101.383030
101.551361
101.411844
101.564931
101.568965
101.347329
101.334553
101.540111
101.422576
101.196384
101.277480
101.237444
101.294611
101.240975
101.572571
101.526205
101.322381
101.546811
101.495389
101.669672
101.368649
101.021866
101.061278
101.179399
101.054708
100.929327
100.745283
100.729276
100.750883
100.871576
100.770983
101.086661
101.287123
101.182306
101.280612
101.156867
100.934022
101.146947
101.083514
101.065694
100.985601
101.254020
101.418609
101.736144
102.022098
101.838913
101.993623
101.828976
102.012433
102.228388
102.283901
102.363517
102.190521
102.379391
102.271878
102.194300
102.200040
102.117681
102.035890
101.687911
101.579231
101.632158
101.582838
101.396901
101.532859
101.362072
101.608318
101.561576
101.736004
101.733288
101.887113
102.031831
102.019863
101.764401
101.876332
101.895535
102.175968
102.122315
101.879016
102.175521
102.123601
102.209790
101.817376
101.803950
101.668751
101.458662
101.512187
101.405421
101.178351
101.310766
101.591997
101.459240
101.314008
101.493524
101.600503
101.286686
101.284949
101.099663
101.432012
101.203439
101.100969
101.027531
100.783397
100.903837
101.032446
101.305109
101.032804
101.116000
100.862250
100.768498
100.693678
100.320721
100.407226
100.458313
100.454438
100.248416
100.065239
100.061774
100.085990
100.431115
100.579471
100.197836
100.364027
100.278426
99.966494
99.906902
99.791612
99.377986
99.399053
99.286087
99.190271
99.265472
99.061616
99.331709
99.386126
99.260155
99.147775
99.253244
99.024083
99.019419
99.194153
99.167668
99.383778
99.126866
99.335418
99.412880
98.996197
99.071721
99.210259
99.068243
99.285672
99.335775
98.999650
98.520125
98.747744
98.808956
98.627087
98.767259
98.395066
98.216411
98.380142
98.182353
98.088998
97.958675
98.027620
98.105186
98.274662
98.388167
98.350559
98.506882
98.422918
98.660247
98.744581
98.715293
98.907693
99.029330
98.984991
98.590539
98.612446
98.684818
98.297887
98.076089
97.998806
97.704121
97.477366
97.194801
96.942898
96.720812
96.632344
96.668915
96.740033
96.527365
96.458408
96.217508
96.452326
96.168451
96.357056
96.401902
96.640367
96.395725
96.341095
96.121516
96.271679
96.209724
96.409715
96.551834
96.847307
97.061972
96.810813
96.988690
96.992486
96.877254
96.910887
97.109664
97.135149
97.079823
97.341810
97.277797
97.196874
97.278454
97.603567
97.652227
97.763802
97.505090
97.287817
97.449238
97.848918
97.890375
97.846995
97.920878
97.794013
97.786585
97.889372
97.959731
98.031216
98.014718
97.624124
98.007641
97.891089
97.876402
97.769922
97.854976
97.826285
97.708782
97.943654
97.743107
97.504645
97.570832
97.456992
97.754687
97.613795
97.918665
97.993767
98.000600
98.029581
98.187078
98.481730
98.424037
98.290038
98.185355
98.027516
97.883803
98.036898
98.018570
97.917450
97.707104
97.655067
97.599491
97.551552
97.576894
97.633393
97.564212
97.353293
97.360440
97.406395
97.579123
97.852373
97.891710
98.083968
97.917733
97.795785
97.599187
97.626304
97.700066
98.083744
98.054564
98.154532
97.959546
98.065484
97.810120
97.774619
97.975483
97.939128
97.963614
97.757237
98.005816
98.253536
98.075489
97.965588
98.017560
98.052114
98.173761
98.362349
98.224581
98.401275
98.547543
98.207748
98.308558
98.561036
98.367847
98.143406
98.478235
98.317882
98.399438
98.227326
98.035798
98.178300
98.379956
98.570217
98.542709
98.596762
98.854354
99.206794
98.963400
98.841994
98.675840
98.617672
98.579936
98.624916
98.307167
98.007283
97.953319
97.710321
97.584444
97.527718
97.537306
97.678477
97.439560
97.552847
97.543123
97.782449
97.796614
97.703077
97.712216
97.332704
97.190593
96.944717
96.899420
96.542491
96.408775
96.280683
96.649093
96.671946
96.308590
96.360742
96.714111
96.583093
96.603656
96.717880
96.451573
96.427469
96.398862
96.355567
96.314645
96.155010
96.195509
96.223177
96.144390
96.178139
96.213566
96.373211
96.621629
96.660216
96.592501
96.793315
96.640493
96.425968
96.335980
96.608208
96.549124
96.544845
96.381153
96.356168
96.628276
96.486808
96.540288
96.681881
96.744570
96.905562
96.926347
96.761589
96.699786
96.695151
97.177021
97.173289
96.966755
96.869245
97.018626
96.997825
97.037761
97.359152
97.440076
97.284475
97.366168
97.488257
97.929279
97.802126
97.968161
98.023489
98.200856
98.376076
98.138330
98.393645
98.473480
98.506345
98.769524
98.818085
98.967262
98.978853
99.441778
99.534199
99.808418
99.849766
100.036590
100.086926
100.145080
100.105901
100.458398
100.258185
100.339290
100.213155
100.344209
100.495159
100.323975
100.425711
100.422984
100.510369
100.525709
100.863654
100.977980
100.909458
101.445582
100.982664
101.210765
101.114008
101.174930
101.164588
101.356851
101.094236
101.264650
101.647347
101.833748
101.538690
101.743280
101.940614
102.007582
102.015997
101.770680
101.947620
101.693585
101.573769
101.431667
101.476950
101.476513
101.001078
101.038340
100.909125
100.819589
100.575375
100.535137
100.630327
100.468045
100.827698
100.873062
101.098986
101.263445
101.331864
101.451591
101.537286
101.580309
101.700036
101.465568
101.379960
101.320273
101.518284
101.286975
101.142963
100.910361
100.867727
100.853560
100.937630
101.063474
101.086014
101.069496
100.813800
100.736810
100.910900
100.636077
100.468137
100.687459
100.655195
100.908129
101.106703
101.051530
101.271003
100.984486
100.741843
100.655950
100.693831
100.429641
100.146960
100.112459
100.302248
100.363565
100.552145
100.902336
101.037164
100.884711
100.748934
101.044151
101.360893
101.535431
101.575457
101.668503
102.128342
102.079854
101.898142
101.956053
101.962453
101.986915
101.961247
102.023748
101.994785
101.822122
101.791131
101.669649
101.521240
101.391941
101.624532
101.671732
101.803868
101.714067
101.837912
101.953310
102.024662
102.009607
101.801283
101.634542
101.830177
101.858043
101.995297
101.877845
101.836418
101.750195
101.855271
101.482123
101.314000
101.199548
100.954726
101.093342
100.974023
101.128885
101.203131
101.633671
101.452926
101.224882
101.248556
101.146809
101.269062
101.330311
101.080007
100.890764
100.952412
101.405867
101.301625
101.497074
101.746026
101.853697
102.042621
102.134349
102.322262
102.487044
102.740848
102.773918
102.691188
102.710629
102.961540
103.091121
102.780035
103.070143
102.835267
102.881989
102.756775
102.949186
103.245511
103.515493
103.750578
103.583064
103.665287
103.720741
103.730246
103.866363
104.314750
104.185889
104.062068
104.508957
104.137681
104.241891
104.644953
104.631182
104.616343
104.738685
104.570250
104.627529
104.941018
104.922939
104.756496
104.456832
104.805183
104.833088
104.844215
104.883992
104.685501
105.057585
105.120691
104.614849
104.542370
104.461427
104.305166
104.190379
104.396883
104.594669
104.546484
104.475996
104.305970
104.263950
104.285937
104.397829
104.977375
104.604542
104.538056
104.693272
104.461958
104.389468
104.281950
104.308634
104.177404
104.333123
104.591891
104.583587
104.765330
104.560308
104.285884
104.329018
104.395314
104.368228
104.790575
104.826687
104.705572
104.679748
104.338685
104.195505
103.833676
103.748068
103.639733
103.882365
104.139820
103.960477
104.143353
104.229291
104.236135
104.442932
104.416461
104.184348
104.285824
104.405953
104.505858
104.567976
104.609764
104.439918
104.206011
104.215764
104.203205
103.914358
104.448816
104.438702
104.480521
104.322344
104.359038
104.329472
104.324318
104.176732
104.131248
104.069383
104.211304
104.255575
104.297501
104.176952
104.459587
104.642553
104.648017
104.789763
104.572459
104.659059
104.306439
103.931234
103.731166
103.775616
103.605470
103.128209
103.191878
103.273916
103.250744
103.423520
103.543990
103.411711
103.289852
103.327007
103.440469
103.321847
103.301755
103.427685
103.336167
103.146094
103.167086
103.357184
103.515813
103.485395
103.519082
103.444938
103.449646
103.522784
103.549839
104.054211
104.103163
104.157570
104.053668
104.193877
103.927981
103.821926
104.167094
104.287461
104.221508
104.349536
104.415294
104.442358
104.473534
104.305840
104.247783
104.252908
104.227129
104.341252
104.449321
104.345311
104.438415
104.656225
104.698607
104.900505
104.988304
105.247617
105.026053
105.234633
105.073850
105.406987
105.586321
105.536510
105.647609
105.592403
105.668510
105.580739
105.493335
105.667396
105.619129
105.579629
105.725716
105.962354
105.506525
105.712331
105.723626
105.357207
105.300258
105.121896
105.079859
105.134071
104.841279
104.986318
105.261973
105.348940
105.159487
104.957642
104.810014
104.907416
104.996324
104.975192
105.044521
104.754626
104.732416
104.916781
104.930993
105.169615
105.099399
105.313061
105.336982
105.281191
105.724078
105.364443
105.742463
105.759907
105.737776
105.763495
105.826504
105.705970
105.760337
105.529407
105.337301
105.188367
105.095955
104.878197
105.089943
105.042302
105.058569
105.110612
105.136378
105.334655
105.625398
105.088816
105.066188
105.297268
105.556309
105.675430
105.552747
105.281890
105.203235
105.116685
105.135146
105.237028
105.653644
105.538100
105.565016
105.414739
105.398145
105.250955
105.367030
105.670676
105.774158
105.951627
105.734980
105.707159
105.926063
105.921589
106.003394
106.157265
106.024866
106.129049
106.366340
106.449216
106.316790
106.183009
106.219147
106.216636
106.183434
106.147176
106.415554
106.481747
106.506835
106.966538
106.434290
106.572735
106.622259
106.864060
107.257748
107.255574
107.258584
107.805611
108.089300
107.921602
107.995976
107.878887
108.103851
108.117606
107.877141
108.171934
108.091210
108.157799
108.429077
108.749133
108.578772
108.755131
108.766503
108.639783
108.807050
108.712020
108.587871
108.388310
108.238217
108.000350
108.008992
108.159965
108.259076
108.317064
108.404160
108.320802
108.176185
108.348272
108.309726
108.557187
108.685835
108.947139
108.919180
108.929873
109.065298
109.058727
109.220262
109.283867
109.438394
109.277290
109.377014
109.374652
109.222420
109.482695
109.313589
109.121911
109.335618
109.120654
108.923298
109.184498
109.199970
109.089356
108.962217
108.793790
109.257190
109.104220
109.056794
109.255116
109.429780
109.442379
109.255636
109.198576
109.399362
109.317290
109.222917
109.474165
109.626967
109.355365
109.265083
109.459225
109.563810
109.518246
109.884658
110.079461
109.982382
110.028936
109.810736
110.031120
110.248195
110.251851
110.296299
110.553769
110.542625
110.534605
110.488628
110.639473
110.787135
110.722986
110.465091
110.321406
110.298660
109.692591
109.366278
109.375089
109.518053
109.135578
109.093211
109.225263
109.307709
109.175169
108.986430
109.114357
109.224542
109.219558
109.386596
109.513079
109.225820
109.394338
109.148859
109.638510
109.598385
109.357039
109.397542
109.424743
109.157669
109.241205
109.330608
109.522386
109.457410
109.238531
109.003180
109.472767
109.292068
109.264687
109.021061
109.022739
109.023420
108.527316
108.800997
108.505489
108.755303
108.882466
109.122739
109.078526
109.038550
108.776937
108.850868
108.901440
108.796686
108.838499
108.934345
108.865773
108.940646
108.636738
108.501025
108.682267
108.540441
109.051676
108.887791
108.905701
108.780460
108.937696
108.665032
108.820093
108.595958
108.528433
108.715375
108.490909
108.839298
108.769179
108.806994
109.422236
109.483132
109.864963
110.134909
110.431092
110.488677
110.215495
110.492716
110.401187
110.373903
110.706945
110.981794
111.115379
111.377221
111.881498
111.913681
111.917761
111.960363
111.844102
112.255712
111.982592
112.119225
112.221911
112.588079
112.340870
112.552274
112.529541
112.652343
112.738857
112.704798
112.406966
112.385834
112.345958
112.117581
112.624818
112.485250
112.440612
112.516720
112.809393
112.706631
112.704388
113.023597
112.862056
113.106937
113.263869
113.425451
113.104026
112.820830
112.646743
112.812913
112.888335
112.951587
113.011509
112.640262
112.509603
112.670438
112.749747
112.849867
112.732026
112.573712
112.358187
112.515058
112.350485
112.448980
112.346202
112.260084
112.767938
112.744095
112.422589
112.416864
112.237701
112.403619
112.787898
113.161190
113.253034
112.920401
113.067393
113.244775
113.589270
113.688721
113.546959
113.878682
114.020672
113.676937
113.584502
113.717913
114.193694
114.437033
114.660640
114.592050
114.261718
113.910486
113.841590
114.213935
114.491552
114.732359
114.508345
114.795107
114.889023
114.773536
114.527264
114.470337
114.394550
114.439329
114.239182
114.228535
114.078137
113.845741
113.883098
114.021289
113.786090
113.626284
113.250569
113.124788
113.132143
113.438137
113.437002
113.095766
112.976031
113.196019
112.951722
112.278560
112.286620
112.652362
112.605070
112.656410
112.692086
112.757066
112.684460
112.576966
112.721944
112.646259
112.518079
112.377466
112.378425
112.423753
112.238503
112.368333
112.007373
111.967503
112.234749
112.322243
112.136764
112.370154
112.283469
112.378613
112.118901
112.167591
112.398962
112.358135
112.374701
112.477768
112.413157
112.277093
112.085251
112.015895
112.089976
112.414937
112.430352
112.500034
112.758736
112.354087
112.200067
112.341773
112.308860
112.337009
112.393477
112.666681
112.421227
112.352787
112.599565
112.733340
112.566829
112.229530
112.180993
112.191793
111.906792
111.867219
112.033224
112.009526
111.988064
112.145952
112.085644
111.860752
112.002701
112.043487
111.955055
112.048941
111.857958
111.455156
111.610090
111.509997
111.489932
111.394158
111.228585
111.440120
111.300621
111.182255
111.189055
111.103834
111.280479
111.366227
111.103031
111.115428
111.066800
111.448144
111.375867
111.456808
111.452492
111.516199
111.206123
110.887355
110.865648
110.971106
111.195764
111.173535
111.417597
111.242673
111.364851
111.374641
111.798036
111.920299
111.963812
112.125716
112.439290
111.999099
112.030405
112.144761
111.906370
111.738589
111.725674
111.752839
111.692692
111.783281
111.716581
111.761034
111.764848
111.888686
111.972985
112.220560
112.243654
112.217779
112.330645
112.274072
111.756038
111.707023
111.906045
111.734127
111.581230
111.446973
111.675886
111.218444
111.481454
111.530014
111.630546
111.603126
111.498703
111.291071
111.299418
111.262324
111.342803
111.157525
111.096428
111.394893
111.252645
111.268668
111.466937
111.524700
111.589924
111.975102
112.225038
112.444780
112.833998
112.677942
112.723226
112.613377
112.400995
112.508628
112.707541
112.400620
112.343176
111.926341
111.767094
111.634652
111.600551
111.541461
111.439097
111.327303
111.067210
111.227828
111.377571
111.614799
111.582527
111.648556
111.776294
111.824715
111.981934
112.066671
112.584096
112.710863
112.923359
112.969177
113.195957
113.411902
113.643973
113.836184
113.706170
113.577295
113.686192
113.650870
113.550113
113.719367
113.474101
113.535461
113.451979
112.971961
113.030873
113.323854
113.383373
113.422168
113.399883
113.625246
113.671796
113.463548
113.547346
113.920722
113.847879
113.587606
113.528915
114.118321
114.157190
114.722701
114.365578
114.125042
114.071309
113.976738
113.776070
113.839015
113.964556
114.052586
114.238465
114.111338
114.096521
114.149742
114.166046
114.075985
114.046978
114.015920
114.235876
113.740852
113.661793
113.687405
113.218723
113.482450
113.579259
113.694078
113.848189
113.427656
113.757848
113.536293
113.720391
113.579205
113.425995
113.401501
113.420784
113.445566
113.639284
113.561927
113.507472
113.417909
113.273331
112.930503
113.161675
113.583855
113.782898
114.024577
114.029671
114.060024
113.978531
113.876262
113.959401
114.086971
113.953663
113.979680
113.960684
113.647154
113.305569
113.527733
113.621789
113.411550
113.791205
113.600432
113.504243
113.524426
113.657886
113.842274
113.830426
113.968616
113.969130
114.266711
114.094076
113.805547
113.726733
113.585013
113.444224
113.231101
113.269631
113.233256
113.540659
113.441934
113.461336
113.756547
113.357648
113.132044
113.343295
113.676596
113.620026
113.686645
113.580590
113.470532
113.650451
113.541616
113.370590
113.344607
113.469722
113.376803
113.303424
113.252996
113.339349
113.187902
113.367969
113.159505
113.246777
113.285189
113.063109
113.064081
112.971512
112.772237
112.759207
112.746849
112.838821
113.236422
113.262923
113.190285
113.104066
113.044623
112.667828
112.366574
112.593423
112.330584
112.202352
112.147706
111.808868
111.969865
111.969701
112.170631
111.867251
111.496329
111.607227
111.458611
111.504325
111.531368
111.790019
112.038610
112.063083
111.993475
111.709343
111.984405
112.241823
112.280685
112.134855
111.865480
112.096778
111.836653
111.951576
112.193351
111.806382
111.879745
111.722786
111.817189
111.982849
111.493410
111.537566
111.951621
111.996114
111.852642
111.958534
111.796027
111.554680
111.134745
111.422786
111.646240
111.624737
111.365827
111.853099
111.623984
111.499790
111.399676
111.257299
111.030925
110.630481
110.890020
110.690432
111.067982
110.913799
111.195358
111.474926
111.623257
111.638720
111.550749
111.544387
111.565866
111.457339
111.725311
111.710550
111.275984
111.447361
111.337917
111.292554
111.460524
111.525978
111.552772
111.404207
111.315876
111.297813
111.037341
111.363333
111.387899
111.475343
111.454360
111.623480
111.743245
112.044990
111.566268
111.874466
111.574212
111.416214
111.435139
111.251101
111.292087
111.087303
110.904632
110.905227
110.422119
110.425125
110.351452
110.362951
110.191595
110.370673
110.426287
110.549658
110.474926
110.514280
111.039211
111.155656
111.068444
111.005063
111.085482
110.897163
110.799061
110.926636
111.385219
111.224815
111.553199
111.644518
111.684926
111.772995
112.001451
112.621737
112.541546
112.672519
112.749070
112.906000
113.368948
113.593140
113.727350
113.680570
113.904153
114.404740
114.334055
114.514899
114.253192
114.667545
114.724326
114.207275
114.380933
114.613667
114.414795
114.488728
114.187090
113.795857
113.894816
113.823247
113.810449
113.708063
113.622912
113.190000
112.979232
112.816731
113.242339
112.958041
112.876809
112.739380
112.573208
112.931685
112.990819
113.111798
113.103018
112.956198
112.928624
112.629859
112.522824
112.409221
112.430594
112.704034
112.712010
112.540050
112.490912
112.393961
112.169455
112.103666
112.278506
112.321121
112.312350
112.027470
112.068177
111.970195
112.233667
112.053875
111.813680
111.588713
111.669130
111.637077
111.800025
111.629913
111.673452
111.464642
111.730068
111.912898
111.978458
112.192858
112.201059
112.020100
111.808759
112.023403
111.936645
112.036179
111.957284
111.966769
112.036603
112.241657
112.150432
111.996103
111.901912
111.627373
111.555149
111.765371
111.803680
112.373607
112.335821
112.363531
112.183697
112.591447
112.928523
113.170266
112.851944
112.687875
112.898536
112.667939
112.956223
